variants tested: 2530
     sym     setup  trend entry    k  dir  is_n  is_wr  is_lo  is_exp
616   NQ     dn>=3   none  1805  2.0    1   114  0.807  0.725   0.208
88    NQ       any   dn50  0930  3.0    1   100  0.810  0.722   0.211
786   NQ  bbz<-1.5   none  1805  2.0    1   112  0.795  0.711   0.188
496   NQ   ibs<0.2   dn50  1805  2.0    1   120  0.792  0.711   0.184
316   NQ   rsi3<20   none  1805  2.0    1   132  0.788  0.711   0.179
968   NQ     up>=2   none  0930  3.0    1   178  0.775  0.709   0.161
614   NQ     dn>=3   none  1805  1.5    1   131  0.786  0.708   0.176
970   NQ     up>=2   none  1805  0.5    1   659  0.739  0.704   0.092
990   NQ     up>=2  up200  1805  0.5    1   547  0.742  0.704   0.096
1010  NQ     up>=2   up50  1805  0.5    1   526  0.741  0.702   0.098
486   NQ   ibs<0.2   dn50  0930  2.0    1   120  0.783  0.701   0.172
1210  NQ       hi5   up50  1805  0.5    1   640  0.734  0.699   0.087
606   NQ     dn>=3   none  0930  2.0    1   122  0.779  0.697   0.163
1170  NQ       hi5   none  1805  0.5    1   774  0.729  0.696   0.079
86    NQ       any   dn50  0930  2.0    1   185  0.762  0.696   0.140
116   NQ   rsi2<10   none  1805  2.0    1   124  0.774  0.693   0.158
1190  NQ       hi5  up200  1805  0.5    1   644  0.728  0.693   0.078
494   NQ   ibs<0.2   dn50  1805  1.5    1   146  0.767  0.692   0.147
306   NQ   rsi3<20   none  0930  2.0    1   134  0.769  0.690   0.149
608   NQ     dn>=3   none  0930  3.0    1   100  0.780  0.689   0.168
1144  NQ   ibs>0.8   dn50  0930  1.5    1   111  0.775  0.689   0.159
308   NQ   rsi3<20   none  0930  3.0    1   107  0.776  0.688   0.161
414   NQ   ibs<0.2   none  1805  1.5    1   307  0.739  0.688   0.104
1018  NQ     up>=2   up50  1805  3.0    1   147  0.762  0.687   0.141
10    NQ       any   none  1805  0.5    1  2096  0.707  0.687   0.046
972   NQ     up>=2   none  1805  1.0    1   511  0.726  0.686   0.082
18    NQ       any   none  1805  3.0    1   228  0.746  0.685   0.116
510   NQ     dn>=2   none  1805  0.5    1   428  0.729  0.685   0.081
50    NQ       any   up50  1805  0.5    1  1459  0.708  0.684   0.048
404   NQ   ibs<0.2   none  0930  1.5    1   300  0.737  0.684   0.098
